# GIMP colorrc
# 
# This file holds a list of recently used colors.

(color-history
    (color-rgba 0.15686274509803921 0.15686274509803921 0.15686274509803921 1)
    (color-rgba 0.11372549019607843 0.12549019607843137 0.12941176470588237 1)
    (color-rgba 0.83921568627450982 0.36470588235294116 0.054901960784313725 1)
    (color-rgba 1 0.68627450980392157 0 1)
    (color-rgba 0.92156862745098034 0.85882352941176465 0.69803921568627447 1)
    (color-rgba 0.9882352941176471 0.42352941176470588 0.52156862745098043 1)
    (color-rgba 0.17647059261798859 0.17647059261798859 0.17647059261798859 1)
    (color-rgba 0 0 0 4.6713540923643932e-310)
    (color-rgba 0 0 0 1)
    (color-rgba 0.98039215686274506 0.98039215686274506 0.97254901960784312 1)
    (color-rgba 1 1 1 1)
    (color-rgba 0.69411764705882351 0.3843137254901961 0.52549019607843139 1)
    (color-rgba 0.27058823529411763 0.52156862745098043 0.53333333333333333 1)
    (color-rgba 0.98039215686274506 0.74117647058823533 0.18431372549019609 1)
    (color-rgba 0.73725490196078436 0.68235294117647061 0.58039215686274515 1)
    (color-rgba 0.68627450980392157 0.22745098039215686 0.015686274509803921 1)
    (color-rgba 0.14117647058823529 0.14509803921568629 0.14509803921568629 1)
    (color-rgba 0.46666666666666667 0.45882352941176469 0.062745098039215685 1)
    (color-rgba 0.74901960784313726 0.19215686274509805 0.035294117647058823 1)
    (color-rgba 0.25490196078431371 0.47058823529411764 0.31372549019607843 1)
    (color-rgba 0.25882352941176473 0.52156862745098043 0.54509803921568623 1)
    (color-rgba 0.26666666666666666 0.52156862745098043 0.53725490196078429 1)
    (color-rgba 0.51372549019607838 0.6470588235294118 0.59215686274509804 1)
    (color-rgba 0.71372549019607845 0.45882352941176469 0.090196078431372548 1)
    (color-rgba 0.68235294117647061 0.23137254901960785 0.019607843137254902 1)
    (color-rgba 0.31764705882352939 0.28627450980392155 0.27450980392156865 1)
    (color-rgba 0.9882352941176471 0.28627450980392155 0.20784313725490197 1)
    (color-rgba 0.5607843137254902 0.24705882352941178 0.44705882352941179 1)
    (color-rgba 0.48627450980392156 0.4392156862745098 0.39215686274509803 1)
    (color-rgba 0.8666666666666667 0.66666666666666663 0.42352941176470588 1)
    (color-rgba 0.094117647058823528 0.098039215686274508 0.10196078431372549 1)
    (color-rgba 0.13725490196078433 0.45490196078431372 0.88235294117647056 1)
    (color-rgba 0.98039215686274506 0.74117647058823533 0.18431372549019609 6.9287082682377769e-310)
    (color-rgba 0.039215686274509803 0.043137254901960784 0.066666666666666666 1)
    (color-rgba 1 0 0 1)
    (color-rgba 0.83921568627450982 0.36470588235294116 0.011764705882352941 1)
    (color-rgba 0.99607843137254903 0.50196078431372548 0.098039215686274508 1)
    (color-rgba 0.23529411764705882 0.2196078431372549 0.21176470588235294 1)
    (color-rgba 0.19607843137254902 0.18823529411764706 0.18431372549019609 1)
    (color-rgba 0.31372549019607843 0.28627450980392155 0.27058823529411763 1)
    (color-rgba 0.84313725490196079 0.59999999999999998 0.12941176470588237 1)
    (color-rgba 0.90980392156862744 0.90980392156862744 0.91764705882352937 6.9481640906949558e-310)
    (color-rgba 0.69803921568627447 0.69803921568627447 0.69803921568627447 6.9481640906949558e-310)
    (color-rgba 0.69803921568627447 0.69803921568627447 0.69803921568627447 1)
    (color-rgba 0.90980392156862744 0.90980392156862744 0.91764705882352937 1)
    (color-rgba 0.69803921568627447 0.70196078431372544 0.71372549019607845 6.9244143788651104e-310)
    (color-rgba 0 0.0078431372549019607 0 1)
    (color-rgba 0.77254903316497803 0.054901961237192154 0.82352942228317261 1)
    (color-rgba 0.50196078431372548 0.71372549019607845 0.95686274509803926 1)
    (color-rgba 0.71764707565307617 0.73725491762161255 0.73725491762161255 1)
    (color-rgba 0.69411766529083252 0.7764706015586853 0.81960785388946533 1)
    (color-rgba 0.72156864404678345 0.69411766529083252 0.69411766529083252 1)
    (color-rgba 0.81960784313725488 0.29411764705882354 0.11764705882352941 1)
    (color-rgba 0.84705883264541626 0.80784314870834351 0.24705882370471954 1)
    (color-rgba 0.84313726425170898 0.42352941632270813 0.18039216101169586 1)
    (color-rgba 0.44705882668495178 0.070588238537311554 0.062745101749897003 1)
    (color-rgba 0.43921568989753723 0.08235294371843338 0.015686275437474251 1)
    (color-rgba 0.93333333730697632 0.56862747669219971 0.18039216101169586 1)
    (color-rgba 0.78431373834609985 0.35294118523597717 0.086274512112140656 1)
    (color-rgba 0.46274510025978088 0.062745101749897003 0.058823529630899429 1)
    (color-rgba 0.29019609093666077 0 0.035294119268655777 1)
    (color-rgba 0.094117648899555206 0 0.011764706112444401 1)
    (color-rgba 0.11372549086809158 0 0 1)
    (color-rgba 0.22352941334247589 0.011764706112444401 0.0078431377187371254 1)
    (color-rgba 0.94117647409439087 0.5372549295425415 0.15294118225574493 1)
    (color-rgba 0.5372549295425415 0.10980392247438431 0.066666670143604279 1)
    (color-rgba 0.96078431606292725 0.56470590829849243 0.18039216101169586 1)
    (color-rgba 0.92156863212585449 0.51764708757400513 0.19607843458652496 1)
    (color-rgba 0.26666668057441711 0.019607843831181526 0 1)
    (color-rgba 0.65490198135375977 0.23137255012989044 0.0078431377187371254 1)
    (color-rgba 0.729411780834198 0.32549020648002625 0.18039216101169586 1)
    (color-rgba 0.26666668057441711 0.011764706112444401 0 1)
    (color-rgba 0.91372549533843994 0.87450981140136719 0.23137255012989044 1)
    (color-rgba 0.69019609689712524 0.31372550129890442 0 1)
    (color-rgba 0.45882353186607361 0.17254902422428131 0 1)
    (color-rgba 0.67058825492858887 0.27058824896812439 0 1)
    (color-rgba 0.019607843831181526 0 0 1)
    (color-rgba 0 0.25490196078431371 0.50196078431372548 6.9068664667071991e-310)
    (color-rgba 0.015686274509803921 0.62352941176470589 0.85098039215686272 6.9068664667071991e-310)
    (color-rgba 0.015686274509803921 0.62352941176470589 0.85098039215686272 1)
    (color-rgba 0 0.25490196078431371 0.50196078431372548 1)
    (color-rgba 0.80784313725490198 0.66666666666666663 0.086274509803921567 1)
    (color-rgba 1 1 1 0)
    (color-rgba 1 0.79012345679012319 0 1)
    (color-rgba 1 0.9882352941176471 0 1)
    (color-rgba 0.79835390946502061 0.36434943519208995 0.65368575137404383 1)
    (color-rgba 0.26442605225713467 0.51440329218106995 0.11738061700776092 1)
    (color-rgba 1 0.9882352941176471 0 6.9434734939395999e-310)
    (color-rgba 0.36078431372549019 0.48627450980392156 0.83921568627450982 1)
    (color-rgba 0.078431372549019607 0.79607843137254897 0.23921568627450981 6.9434734939395999e-310)
    (color-rgba 0.97254901960784312 0.49803921568627452 0.47843137254901963 1)
    (color-rgba 0.93725490196078431 0.50980392156862742 0.4823529411764706 1)
    (color-rgba 0.93725490196078431 0.30196078431372547 0.30980392156862746 1)
    (color-rgba 0.92941176470588238 0.23137254901960785 0.23137254901960785 1)
    (color-rgba 0.93004115226337447 0.23094981633385805 0.23094981633385805 1)
    (color-rgba 0.078431372549019607 0.79607843137254897 0.23921568627450981 1)
    (color-rgba 0.079956914408815957 0.79423868312757206 0.23868619634631738 1)
    (color-rgba 0.2627450980392157 0.51372549019607838 0.11764705882352941 1)
    (color-rgba 1 0.59215686274509804 0 1)
    (color-rgba 1 0.98765432098765449 0 1)
    (color-rgba 1 0.66666666666666685 0 1)
    (color-rgba 0.96707818930041156 0.74856611520792493 0.31154196702295134 1)
    (color-rgba 0.87242798353909468 0.63041216707634828 0.14638053415085481 1)
    (color-rgba 0.090196078431372548 0.17647058823529413 0.71764705882352942 1)
    (color-rgba 0.090196078431372548 0.17647058823529413 0.71764705882352942 6.9530930523302064e-310)
    (color-rgba 0.88627450980392153 0.76470588235294112 0.42745098039215684 6.9469814671788205e-310)
    (color-rgba 0.8847736625514403 0.76623202593318862 0.42754163559532682 1))

# end of colorrc
